#Chr	Start	End	Ref	Alt	GME_AF	GME_NWA	GME_NEA	GME_AP	GME_Israel	GME_SD	GME_TP	GME_CA
1	69134	69134	A	G	0.049505	0.000000	0.032787	0.000000	0	0.000000	0.181818	0.133333
1	69270	69270	A	G	0.698113	0.642857	0.564246	0.677778	0.666667	0.863636	0.848214	0.868852
1	69428	69428	T	G	0.050340	0.044444	0.053097	0.066327	0.000000	0.076923	0.040541	0.037037
1	69438	69438	T	C	0.000675	0.000000	0.001462	0.000000	0.000000	0.000000	0.004386	0.000000
1	69453	69453	G	A	0.008880	0.000000	0.010234	0.010101	0.000000	0.010000	0.004630	0.009091
1	69458	69458	T	C	0.001342	0.000000	0.002874	0.000000	0.000000	0.000000	0.000000	0.000000
1	69498	69498	C	T	0.002841	0.000000	0.006024	0.000000	0.000000	0.000000	0.000000	0.000000
1	69509	69509	T	G	0.002196	0.000000	0.004615	0.005618	0.000000	0.010638	0.005102	0.000000
1	69511	69511	A	G	0.703313	0.815789	0.582540	0.744048	0.916667	0.706522	0.835106	0.802885
1	69552	69552	G	C	0.015649	0.000000	0.013986	0.029412	0.000000	0.022222	0.016667	0.010101
1	69572	69572	T	A	0.002946	0.000000	0.006410	0.000000	0.000000	0.000000	0.000000	0.000000
1	69604	69604	T	C	0.003086	0.000000	0.000000	0.000000	0.000000	0.022727	0.010638	0.000000
1	69761	69761	A	T	0.164557	0.161290	0.121429	0.190476	0.000000	0.266667	0.202703	0.118750
1	69768	69768	G	A	0.001068	0.000000	0.000000	0.000000	0.000000	0.000000	0.000000	0.006250
1	69808	69808	G	C	0.002304	0.000000	0.010417	0.000000	0.000000	0.000000	0.000000	0.000000
1	69825	69825	A	C	0.018116	0.000000	0.029891	0.018182	0.000000	0.000000	0.008065	0.013699
1	69858	69858	C	T	0.002681	0.000000	0.000000	0.000000	0.000000	0.000000	0.000000	0.015625
1	69892	69892	T	C	0.006645	0.000000	0.000000	0.000000	0.000000	0.047619	0.000000	0.021739
1	69897	69897	T	C	0.789199	0.777778	0.614504	0.862069	0.875000	0.928571	0.918367	0.964286
1	861376	861376	C	A	0.000504	0.005051	0.000000	0.000000	0.000000	0.000000	0.000000	0.000000
1	865545	865545	G	A	0.001025	0.000000	0.001370	0.000000	0.000000	0.000000	0.003106	0.000000
1	865550	865550	G	A	0.001534	0.000000	0.004110	0.002994	0.000000	0.000000	0.000000	0.000000
1	865567	865567	C	T	0.001535	0.000000	0.002747	0.002994	0.000000	0.000000	0.000000	0.003788
1	865584	865584	G	A	0.005112	0.000000	0.008197	0.002976	0.000000	0.008621	0.006211	0.003817
1	865595	865595	A	G	0.001016	0.005319	0.000000	0.002941	0.000000	0.000000	0.000000	0.000000
1	865601	865601	C	G	0.001020	0.000000	0.002725	0.000000	0.000000	0.000000	0.000000	0.000000
1	865625	865625	G	A	0.001018	0.000000	0.002725	0.000000	0.000000	0.000000	0.000000	0.000000
1	865628	865628	G	A	0.017821	0.015957	0.020436	0.023669	0.050000	0.008621	0.015528	0.011450
1	865662	865662	G	A	0.001016	0.005208	0.000000	0.000000	0.000000	0.000000	0.000000	0.003817
1	865693	865693	G	A	0.004061	0.000000	0.008219	0.000000	0.000000	0.000000	0.000000	0.003788
1	865694	865694	C	T	0.009119	0.015625	0.010929	0.002924	0.000000	0.000000	0.006173	0.000000
1	865700	865700	C	T	0.000506	0.000000	0.001362	0.000000	0.000000	0.000000	0.000000	0.000000
1	866422	866422	C	T	0.005544	0.025253	0.008152	0.002924	0.000000	0.000000	0.000000	0.003788
1	871171	871171	A	C	0.000504	0.000000	0.004076	0.000000	0.000000	0.008621	0.000000	0.000000
1	871174	871174	C	T	0.000504	0.000000	0.000000	0.002924	0.000000	0.000000	0.000000	0.000000
1	871176	871176	C	T	0.001007	0.000000	0.000000	0.000000	0.000000	0.000000	0.000000	0.007576
1	871192	871192	C	T	0.000504	0.000000	0.000000	0.002924	0.000000	0.000000	0.000000	0.000000
1	871229	871229	G	C	0.000504	0.005051	0.000000	0.000000	0.000000	0.000000	0.000000	0.000000
1	871250	871250	G	T	0.000504	0.000000	0.000000	0.002924	0.000000	0.000000	0.000000	0.000000
1	871269	871269	A	C	0.122594	0.030928	0.196721	0.122807	0.100000	0.181034	0.163580	0.113636
1	874447	874447	G	A	0.000505	0.000000	0.000000	0.000000	0.000000	0.000000	0.003086	0.000000
1	874478	874478	A	G	0.001515	0.000000	0.000000	0.000000	0.000000	0.008621	0.000000	0.007576
1	874502	874502	G	T	0.002018	0.000000	0.001362	0.002924	0.000000	0.000000	0.003067	0.003788
1	874665	874665	G	A	0.017677	0.030612	0.031335	0.011696	0.000000	0.008621	0.000000	0.003788
1	874673	874673	G	A	0.000505	0.000000	0.001359	0.000000	0.000000	0.000000	0.000000	0.000000
1	874681	874681	G	A	0.001009	0.000000	0.000000	0.000000	0.000000	0.000000	0.000000	0.007576
1	874711	874711	C	T	0.000504	0.000000	0.001359	0.000000	0.000000	0.000000	0.000000	0.000000
1	874714	874714	C	T	0.001512	0.000000	0.001359	0.000000	0.000000	0.000000	0.003067	0.000000
1	874717	874717	C	T	0.000504	0.000000	0.000000	0.000000	0.000000	0.000000	0.000000	0.003788
1	874734	874734	C	T	0.006054	0.000000	0.004076	0.005848	0.000000	0.000000	0.006173	0.011364
1	874763	874763	G	A	0.000504	0.000000	0.001359	0.000000	0.000000	0.000000	0.000000	0.000000
1	874816	874816	C	CT	0.052391	0.036082	0.051630	0.027108	0.000000	0.068966	0.086957	0.053030
1	874816	874816	-	T	0.052391	0.036082	0.051630	0.027108	0.000000	0.068966	0.086957	0.053030
1	874817	874817	C	T	0.002033	0.000000	0.004076	0.000000	0.000000	0.008621	0.000000	0.000000
1	874825	874825	C	G	0.007150	0.005208	0.008152	0.003030	0.000000	0.017241	0.015625	0.000000
1	876531	876531	G	T	0.001022	0.000000	0.001366	0.002941	0.000000	0.000000	0.000000	0.000000
1	876606	876606	G	C	0.001024	0.010638	0.000000	0.000000	0.000000	0.000000	0.000000	0.000000
1	876620	876620	G	T	0.001027	0.000000	0.001362	0.002976	0.000000	0.000000	0.000000	0.000000
1	876642	876642	C	T	0.001041	0.000000	0.001362	0.000000	0.000000	0.000000	0.000000	0.000000
1	876665	876665	C	T	0.000530	0.000000	0.000000	0.003289	0.000000	0.000000	0.000000	0.000000
1	876672	876672	G	T	0.002134	0.005682	0.001366	0.006849	0.000000	0.000000	0.000000	0.000000
1	876676	876676	T	C	0.000534	0.000000	0.000000	0.003425	0.000000	0.000000	0.000000	0.000000
1	876681	876681	G	T	0.001064	0.000000	0.001370	0.000000	0.000000	0.000000	0.000000	0.000000
1	877519	877519	G	T	0.003205	0.000000	0.005479	0.000000	0.000000	0.017544	0.000000	0.000000
1	877545	877545	C	T	0.001052	0.000000	0.001366	0.000000	0.000000	0.000000	0.003333	0.000000
1	877549	877549	G	A	0.006289	0.000000	0.006831	0.000000	0.000000	0.017544	0.009934	0.007752
1	877588	877588	-	C	0.000517	0.000000	0.001366	0.000000	0.000000	0.000000	0.000000	0.000000
1	877588	877588	G	GC	0.000517	0.000000	0.001366	0.000000	0.000000	0.000000	0.000000	0.000000
1	877593	877593	C	A	0.003601	0.005263	0.000000	0.005952	0.000000	0.017544	0.006452	0.003876
1	877612	877612	G	T	0.000515	0.000000	0.001366	0.000000	0.000000	0.000000	0.000000	0.003846
1	877616	877616	C	A	0.003086	0.000000	0.001362	0.003012	0.000000	0.000000	0.006410	0.003817
1	877621	877621	C	T	0.006166	0.015789	0.004087	0.008929	0.000000	0.008772	0.006452	0.003817
1	877624	877624	G	T	0.002060	0.000000	0.002725	0.002976	0.000000	0.008772	0.000000	0.000000
1	877792	877792	T	C	0.001134	0.000000	0.001553	0.003185	0.000000	0.000000	0.000000	0.000000
1	877815	877815	G	A	0.000557	0.000000	0.000000	0.000000	0.000000	0.010638	0.000000	0.000000
1	877818	877818	G	T	0.001661	0.005882	0.003012	0.000000	0.000000	0.000000	0.000000	0.000000
1	877831	877831	T	C	1.000000	1.000000	1.000000	1.000000	1.000000	1.000000	1.000000	1.000000
1	877849	877849	C	A	0.001101	0.000000	0.000000	0.000000	0.000000	0.000000	0.003378	0.004000
1	877850	877850	G	A	0.001101	0.000000	0.000000	0.000000	0.000000	0.009615	0.003378	0.000000
1	877868	877868	G	A	0.002237	0.000000	0.003125	0.000000	0.000000	0.000000	0.006803	0.000000
1	877950	877950	C	T	0.002334	0.000000	0.003279	0.003333	0.000000	0.000000	0.003676	0.000000
1	877952	877952	G	T	0.002347	0.000000	0.003289	0.003333	0.000000	0.000000	0.003704	0.000000
1	877958	877958	C	T	0.001742	0.000000	0.003215	0.000000	0.000000	0.011111	0.000000	0.000000
1	877959	877959	T	C	0.001157	0.006173	0.001608	0.000000	0.000000	0.000000	0.000000	0.004386
1	877972	877972	G	T	0.000574	0.000000	0.000000	0.000000	0.000000	0.000000	0.000000	0.004310
1	877973	877973	G	T	0.000576	0.000000	0.001553	0.000000	0.000000	0.000000	0.000000	0.000000
1	877989	877989	G	A	0.000577	0.006024	0.000000	0.000000	0.000000	0.000000	0.000000	0.000000
1	877990	877990	C	T	0.001156	0.000000	0.001592	0.000000	0.000000	0.000000	0.000000	0.004348
1	877999	877999	G	T	0.002339	0.000000	0.003165	0.003333	0.000000	0.010000	0.000000	0.000000
1	878029	878029	C	T	0.011392	0.019737	0.012324	0.010490	0.000000	0.000000	0.019685	0.004808
1	878129	878129	G	T	0.002259	0.000000	0.004831	0.000000	0.000000	0.029412	0.000000	0.000000
1	878161	878161	G	C	0.001253	0.000000	0.003717	0.000000	0.000000	0.000000	0.000000	0.000000
1	878209	878209	C	A	0.001582	0.000000	0.001420	0.006098	0.000000	0.000000	0.000000	0.000000
1	878240	878241	TG	T	0.001037	0.010638	0.000000	0.000000	0.000000	0.000000	0.000000	0.000000
1	878241	878241	G	-	0.001037	0.010638	0.000000	0.000000	0.000000	0.000000	0.000000	0.000000
1	878254	878254	C	A	0.002591	0.000000	0.001401	0.006024	0.000000	0.008772	0.000000	0.003846
1	878271	878271	C	A	0.003109	0.000000	0.002801	0.005988	0.000000	0.000000	0.006329	0.003846
1	878310	878310	T	C	0.001030	0.000000	0.001370	0.000000	0.000000	0.009091	0.000000	0.000000
1	878314	878314	G	C	0.100206	0.159574	0.097260	0.050898	0.100000	0.145455	0.103774	0.076336
