#Chr	Start	End	Ref	Alt	CADDgt10	CADDgt10_Phred
1	12066	12066	T	A	2.049790	12.81
1	12066	12066	T	C	1.934479	12.43
1	12066	12066	T	G	1.940447	12.45
1	12067	12067	G	A	1.842906	12.12
1	12067	12067	G	C	1.722296	11.72
1	12067	12067	G	T	1.782584	11.92
1	12068	12068	G	A	1.886184	12.27
1	12068	12068	G	C	1.765574	11.86
1	12068	12068	G	T	1.825862	12.06
1	12069	12069	A	C	2.065044	12.86
1	12069	12069	A	G	2.058996	12.84
1	12069	12069	A	T	2.172977	13.22
1	12070	12070	G	A	1.962036	12.52
1	12070	12070	G	C	1.841426	12.12
1	12070	12070	G	T	1.901713	12.32
1	12071	12071	T	A	2.250951	13.48
1	12071	12071	T	C	2.135639	13.10
1	12071	12071	T	G	2.141608	13.12
1	12072	12072	T	A	2.275633	13.57
1	12072	12072	T	C	2.160322	13.18
1	12072	12072	T	G	2.166291	13.20
1	12073	12073	T	A	2.004719	12.66
1	12073	12073	T	C	1.889408	12.28
1	12073	12073	T	G	1.895376	12.30
1	12074	12074	T	A	2.362931	13.86
1	12074	12074	T	C	2.247619	13.47
1	12074	12074	T	G	2.253588	13.49
1	12075	12075	C	A	2.078508	12.91
1	12075	12075	C	G	2.015506	12.70
1	12075	12075	C	T	2.138764	13.11
1	12076	12076	C	A	1.958483	12.51
1	12076	12076	C	G	1.895481	12.30
1	12076	12076	C	T	2.018738	12.71
1	12077	12077	T	A	2.388068	13.94
1	12077	12077	T	C	2.272757	13.56
1	12077	12077	T	G	2.278725	13.58
1	12078	12078	G	A	2.134675	13.09
1	12078	12078	G	C	2.014066	12.69
1	12078	12078	G	T	2.074353	12.89
1	12079	12079	T	A	2.363691	13.86
1	12079	12079	T	C	2.248380	13.48
1	12079	12079	T	G	2.254348	13.50
1	12080	12080	G	A	2.081577	12.92
1	12080	12080	G	C	1.960967	12.51
1	12080	12080	G	T	2.021255	12.72
1	12081	12081	G	A	2.030697	12.75
1	12081	12081	G	C	1.910087	12.34
1	12081	12081	G	T	1.970375	12.55
1	12082	12082	A	C	1.879480	12.24
1	12082	12082	A	G	1.873432	12.22
1	12082	12082	A	T	1.987413	12.60
1	12083	12083	G	A	1.847749	12.14
1	12083	12083	G	C	1.727140	11.73
1	12083	12083	G	T	1.787427	11.94
1	12084	12084	A	C	1.867356	12.20
1	12084	12084	A	G	1.861309	12.18
1	12084	12084	A	T	1.975289	12.56
1	12085	12085	G	A	1.552597	11.15
1	12085	12085	G	C	1.431987	10.73
1	12085	12085	G	T	1.492275	10.94
1	14152	14152	T	A	1.356537	10.46
1	14152	14152	T	C	1.241225	10.04
1	14152	14152	T	G	1.247194	10.06
1	14154	14154	T	A	1.330372	10.37
1	14156	14156	A	C	1.354284	10.45
1	14156	14156	A	G	1.348236	10.43
1	14156	14156	A	T	1.462217	10.83
1	14157	14157	G	A	1.248133	10.06
1	14158	14158	C	T	1.276430	10.17
1	14159	14159	A	C	1.409780	10.65
1	14159	14159	A	G	1.403732	10.63
1	14159	14159	A	T	1.517713	11.03
1	14160	14160	T	A	1.346449	10.42
1	14160	14160	T	G	1.237107	10.02
1	14161	14161	G	A	1.314992	10.31
1	14161	14161	G	T	1.254670	10.09
1	14162	14162	A	C	1.366249	10.50
1	14162	14162	A	G	1.360201	10.47
1	14162	14162	A	T	1.474182	10.88
1	14163	14163	C	A	1.284236	10.20
1	14163	14163	C	T	1.344492	10.42
1	14164	14164	T	A	1.591832	11.28
1	14164	14164	T	C	1.476521	10.88
1	14164	14164	T	G	1.482489	10.90
1	14165	14165	A	C	1.485998	10.92
1	14165	14165	A	G	1.479950	10.90
1	14165	14165	A	T	1.593931	11.29
1	14166	14166	T	A	1.605130	11.32
1	14166	14166	T	C	1.489818	10.93
1	14166	14166	T	G	1.495787	10.95
1	14167	14167	T	A	1.613224	11.35
1	14167	14167	T	C	1.497912	10.96
1	14167	14167	T	G	1.503881	10.98
1	14168	14168	T	A	1.614511	11.36
1	14168	14168	T	C	1.499200	10.96
1	14168	14168	T	G	1.505169	10.98
1	14169	14169	T	A	1.611235	11.34
1	14169	14169	T	C	1.495924	10.95
1	14169	14169	T	G	1.501893	10.97
