#Chr	Start	End	Ref	Alt	CADDgt20	CADDgt20_Phred
1	35465	35465	A	C	4.396601	23.3
1	35465	35465	A	T	4.504534	24.2
1	35476	35476	T	A	4.701075	26.1
1	852901	852901	G	A	3.949814	20.2
1	852902	852902	T	A	4.315489	22.6
1	852902	852902	T	C	4.200178	21.8
1	852902	852902	T	G	4.206146	21.8
1	852904	852904	C	A	4.292270	22.5
1	852904	852904	C	G	4.229268	22.0
1	852904	852904	C	T	4.352526	22.9
1	852907	852907	T	A	4.382922	23.2
1	852907	852907	T	C	4.267611	22.3
1	852907	852907	T	G	4.273579	22.3
1	852908	852908	C	A	4.577225	24.9
1	852908	852908	C	G	4.514224	24.3
1	852908	852908	C	T	4.637481	25.4
1	852909	852909	A	C	4.370859	23.1
1	852909	852909	A	G	4.364811	23.0
1	852909	852909	A	T	4.478792	24.0
1	852910	852910	T	A	4.918262	28.4
1	852910	852910	T	C	4.802951	27.1
1	852910	852910	T	G	4.808920	27.2
1	852911	852911	A	C	4.830939	27.4
1	852911	852911	A	G	4.824892	27.4
1	852911	852911	A	T	4.938872	28.7
1	852912	852912	A	C	4.512595	24.3
1	852912	852912	A	G	4.506547	24.2
1	852912	852912	A	T	4.620528	25.3
1	852913	852913	A	C	4.866266	27.8
1	852913	852913	A	G	4.860218	27.8
1	852913	852913	A	T	4.974199	29.1
1	852914	852914	T	A	4.628125	25.3
1	852914	852914	T	C	4.512813	24.3
1	852914	852914	T	G	4.518782	24.3
1	852915	852915	T	A	4.306871	22.6
1	852915	852915	T	C	4.191560	21.7
1	852915	852915	T	G	4.197529	21.8
1	852916	852916	G	A	4.385344	23.2
1	852916	852916	G	C	4.264734	22.2
1	852916	852916	G	T	4.325022	22.7
1	852917	852917	G	A	4.373552	23.1
1	852917	852917	G	C	4.252942	22.2
1	852917	852917	G	T	4.313230	22.6
1	852918	852918	G	A	4.108701	21.2
1	852918	852918	G	C	3.988091	20.4
1	852918	852918	G	T	4.048378	20.8
1	852919	852919	C	A	4.619725	25.3
1	852919	852919	C	G	4.556724	24.7
1	852919	852919	C	T	4.679981	25.8
1	852920	852920	T	A	4.504543	24.2
1	852920	852920	T	C	4.389232	23.2
1	852920	852920	T	G	4.395201	23.3
1	852921	852921	G	A	4.128149	21.3
1	852921	852921	G	C	4.007539	20.5
1	852921	852921	G	T	4.067826	20.9
1	852922	852922	G	A	4.039617	20.7
1	852922	852922	G	T	3.979294	20.4
1	861324	861324	G	A	4.249013	22.1
1	861324	861324	G	C	4.128403	21.3
1	861324	861324	G	T	4.188691	21.7
1	861325	861325	T	A	4.302726	22.5
1	861325	861325	T	C	4.578969	24.9
1	861326	861326	C	A	5.132043	32
1	861326	861326	C	G	4.728979	26.3
1	861326	861326	C	T	5.194318	33
1	861328	861328	A	C	5.144698	32
1	861328	861328	A	G	5.075257	31
1	861328	861328	A	T	7.464172	39
1	861329	861329	A	C	4.545616	24.6
1	861329	861329	A	G	4.667746	25.7
1	861329	861329	A	T	4.364141	23.0
1	861330	861330	G	C	4.535224	24.5
1	861330	861330	G	T	4.595511	25.0
1	861331	861331	G	A	5.220385	33
1	861331	861331	G	C	5.099776	31
1	861331	861331	G	T	4.845498	27.6
1	861332	861332	G	A	4.691345	26.0
1	861332	861332	G	C	4.519808	24.3
1	861332	861332	G	T	4.463524	23.8
1	861334	861334	A	C	4.176415	21.6
1	861334	861334	A	T	5.013120	29.5
1	861335	861335	T	A	5.048989	29.9
1	861335	861335	T	C	4.537453	24.5
1	861335	861335	T	G	4.679830	25.8
1	861336	861336	C	G	3.943376	20.2
1	861337	861337	C	A	3.989241	20.4
1	861337	861337	C	G	4.025008	20.6
1	861338	861338	T	A	4.348190	22.9
1	861338	861338	T	C	4.137784	21.4
1	861338	861338	T	G	4.260770	22.2
1	861340	861340	C	A	4.606641	25.1
1	861340	861340	C	G	4.124819	21.3
1	861340	861340	C	T	7.262033	38
1	861341	861341	A	C	4.507030	24.2
1	861341	861341	A	G	4.269485	22.3
1	861341	861341	A	T	4.375785	23.1
1	861342	861342	G	C	4.240835	22.1
1	861342	861342	G	T	4.301123	22.5
1	861343	861343	G	A	4.305364	22.6
