#Chr	Start	End	Ref	Alt	gnomAD_exome_ALL	gnomAD_exome_AFR	gnomAD_exome_AMR	gnomAD_exome_ASJ	gnomAD_exome_EAS	gnomAD_exome_FIN	gnomAD_exome_NFE	gnomAD_exome_OTH	gnomAD_exome_SAS
1	12198	12198	G	C	.	.	.	.	.	.	.	.	.
1	12237	12237	G	A	.	.	.	.	.	.	.	.	.
1	12259	12259	G	C	0	.	.	.	.	.	.	.	0
1	12266	12266	G	A	.	.	.	.	.	.	.	.	.
1	12272	12272	G	A	0	.	0	.	.	.	.	.	.
1	12554	12554	A	G	0	0	0	0	0	0	0	0	0
1	12559	12559	G	A	0.0051	0	0.0054	0	0.0027	0	0.0018	0.0122	0.0099
1	12573	12573	T	C	0.0005	0	0.0028	0	0	0	0	0	0
1	12586	12586	C	T	0.0006	0	0	0	0.0023	0	0	0	0.0009
1	12596	12596	C	A	0	0	0	0	0	0	0	0	0
1	12597	12597	T	C	0.0028	0.0152	0.0023	0	0	0	0	0	0
1	12600	12600	T	-	0	0	0	0	0	0	0	0	0
1	12599	12600	CT	C	0	0	0	0	0	0	0	0	0
1	12613	12614	GT	-	0	0	0	0	0	0	0	0	0
1	12612	12614	GGT	G	0	0	0	0	0	0	0	0	0
1	12625	12625	G	A	0.0002	0	0.0016	0	0	0	0	0	0
1	12659	12659	G	C	0.0011	0.0007	0.0014	0	0.0042	0	0	0	0.0017
1	12670	12670	G	C	0.0031	0.0007	0.0013	0	0.0084	0	0.0023	0.0048	0.0056
1	12672	12672	C	T	0.0021	0.0030	0.0028	0	0.0056	0	0.0005	0	0.0017
1	12673	12673	G	A	0.0013	0	0.0026	0	0	0	0.0009	0	0.0041
1	12680	12680	G	A	0.0009	0	0	0	0.0072	0	0	0	0
1	12698	12698	G	A	0	0	0	0	0	0	0	0	0
1	12719	12719	G	C	0.0063	0.0014	0.0027	0.0056	0	0.0104	0.0071	0.0035	0.0208
1	12729	12729	G	T	0	0	0	0	0	0	0	0	0
1	12739	12742	AGTG	-	6.227e-05	0	0	0	0	0	0	0	0.0004
1	12738	12742	CAGTG	C	6.227e-05	0	0	0	0	0	0	0	0.0004
1	12746	12773	GGGAGTGGCGTCGCCCCTAGGGCTCTAC	-	0	0	0	0	0	0	0	0	0
1	12745	12773	TGGGAGTGGCGTCGCCCCTAGGGCTCTAC	T	0	0	0	0	0	0	0	0	0
1	12748	12748	G	C	6.418e-05	0.0004	0	0	0	0	0	0	0
1	12752	12752	G	C	0.0005	0	0	0	0	0	0	0	0.0032
1	12754	12754	C	G	6.988e-05	0.0004	0	0	0	0	0	0	0
1	12755	12755	G	A	0.0004	0.0014	0.0005	0	0.0005	0	0	0	0.0004
1	12758	12758	-	C	7.747e-05	0	0	0	0	0	0	0	0.0004
1	12758	12758	G	GC	7.747e-05	0	0	0	0	0	0	0	0.0004
1	12763	12763	T	-	6.104e-05	0	0.0004	0	0	0	0	0	0
1	12762	12763	CT	C	6.104e-05	0	0.0004	0	0	0	0	0	0
1	12768	12768	C	G	0.0002	0.0007	0.0004	0	0	0	0	0	0
1	13358	13358	A	G	8.795e-06	0	0	0	0	0	2.256e-05	0	0
1	13364	13364	G	A	8.751e-06	0	0	0	0	0	2.283e-05	0	0
1	13367	13367	G	C	8.962e-06	0	0	0	0	0	2.365e-05	0	0
1	13370	13370	T	C	9.297e-06	0.0002	0	0	0	0	0	0	0
1	13372	13372	G	T	9.42e-06	0.0002	0	0	0	0	0	0	0
1	13372	13372	G	C	0.0001	0	0	0	0.0008	0	0	0	0.0002
1	13379	13379	A	C	2.039e-05	0.0003	0	0	0	0	0	0	0
1	13380	13380	C	G	0.0020	0.0256	0.0021	0	0	0	0.0002	0	0.0001
1	13382	13382	C	G	1.113e-05	0	0	0	0	0	0	0	6.419e-05
1	13385	13385	G	A	0	0	0	0	0	0	0	0	0
1	13385	13385	G	T	0	0	0	0	0	0	0	0	0
1	13387	13387	C	G	1.188e-05	0	0	0	0	0	0	0	6.996e-05
1	13393	13393	C	G	0.0001	0.0013	7.806e-05	0	0	0	0	0	0
1	13395	13395	T	C	1.445e-05	0	7.733e-05	0	0	0	0	0	0
1	13397	13397	C	T	1.508e-05	0	0	0	0	0	0	0.0005	0
1	13401	13401	A	G	1.544e-05	0	0	0	0	0	4.282e-05	0	0
1	13402	13402	G	C	0	0	0	0	0	0	0	0	0
1	13404	13404	G	C	1.586e-05	0	0	0	0	0	4.393e-05	0	0
1	13404	13404	G	T	1.586e-05	0	0	0	0	0	0	0	0.0001
1	13405	13405	C	G	1.611e-05	0.0002	0	0	0	0	0	0	0
1	13413	13413	A	G	1.705e-05	0	0	0	0.0001	0	0	0	0
1	13414	13414	C	T	6.795e-05	0	0	0	0	0.0008	0.0001	0	0
1	13416	13416	-	AGAG	0	0	0	0	0	0	0	0	0
1	13416	13416	C	CAGAG	0	0	0	0	0	0	0	0	0
1	13416	13416	-	TGAG	0	0	0	0	0	0	0	0	0
1	13416	13416	C	CTGAG	0	0	0	0	0	0	0	0	0
1	13417	13417	-	GAGA	0.1136	0.0143	0.1087	0.1682	0.0565	0.1749	0.1321	0.1278	0.1560
1	13417	13417	C	CGAGA	0.1136	0.0143	0.1087	0.1682	0.0565	0.1749	0.1321	0.1278	0.1560
1	13417	13417	C	A	1.602e-05	0	0	0	0	0	4.52e-05	0	0
1	13417	13417	C	T	1.602e-05	0	0	0	0.0001	0	0	0	0
1	13417	13417	-	GGGA	0	0	0	0	0	0	0	0	0
1	13417	13417	C	CGGGA	0	0	0	0	0	0	0	0	0
1	13418	13418	G	A	0.0333	0.0870	0.0333	0.0231	0.0562	0.0495	0.0092	0.0379	0.0438
1	13419	13419	A	G	0	0	0	0	0	0	0	0	0
1	13424	13424	A	G	1.386e-05	0	0	0	0.0001	0	0	0	0
1	13425	13425	C	A	0	0	0	0	0	0	0	0	0
1	13434	13434	C	T	1.082e-05	0	0	0	0.0001	0	0	0	0
1	13436	13436	G	T	9.598e-06	0	0	0	0	0	2.6e-05	0	0
1	13438	13438	C	A	2.746e-05	0	0	0	0	0.0002	0	0	0.0001
1	13439	13439	T	-	9.155e-06	0	0	0	0	0.0002	0	0	0
1	13438	13439	CT	C	9.155e-06	0	0	0	0	0.0002	0	0	0
1	13444	13444	T	C	8.52e-06	0.0002	0	0	0	0	0	0	0
1	13445	13445	C	G	0.0003	0	0.0004	0	0	0	0.0004	0.0021	0.0001
1	13445	13445	C	T	0	0	0	0	0	0	0	0	0
1	13448	13448	C	T	1.646e-05	0	0	0	0	0	0	0	9.252e-05
1	13451	13451	A	C	8.141e-06	0	0	0	0.0001	0	0	0	0
1	13452	13452	G	C	3.251e-05	0	4.755e-05	0.0003	0	0	2.146e-05	0	0
1	13452	13452	G	T	8.127e-06	0	4.755e-05	0	0	0	0	0	0
1	13453	13453	T	C	4.018e-05	0.0006	4.662e-05	0	0	0	0	0	0
1	13456	13456	C	G	7.969e-06	0	0	0	0	0	0	0	4.524e-05
1	13458	13458	C	T	1.579e-05	0	0	0	0	0	4.164e-05	0	0
1	13460	13462	AGA	-	7.878e-06	0	0	0	0	0	0	0.0003	0
1	13459	13462	CAGA	C	7.878e-06	0	0	0	0	0	0	0.0003	0
1	13461	13461	G	A	0	0	0	0	0	0	0	0	0
1	13463	13465	AGT	-	0	0	0	0	0	0	0	0	0
1	13462	13465	AAGT	A	0	0	0	0	0	0	0	0	0
1	13465	13465	T	C	1.549e-05	0	0	0	0	0	4.072e-05	0	0
1	13467	13467	G	A	7.707e-06	0.0001	0	0	0	0	0	0	0
1	13468	13468	G	A	1.539e-05	0	0	0.0001	0	0	2.022e-05	0	0
1	13472	13472	C	T	7.591e-06	0	0	0.0001	0	0	0	0	0
1	13475	13475	C	G	7.565e-06	0	0	0	0	0	0	0	4.419e-05
1	13478	13478	G	C	7.557e-06	0	4.422e-05	0	0	0	0	0	0
