#Chr	Start	End	Ref	Alt	HRC_AF	HRC_AC	HRC_AN	HRC_non1000G_AF	HRC_non1000G_AC	HRC_non1000G_AN
1	13380	13380	C	G	7.69515e-05	5	64976	0	0	59986
1	16071	16071	G	A	0.000123122	8	64976	0	0	59986
1	16141	16141	C	T	0.000138513	9	64976	6.66822e-05	4	59986
1	16280	16280	T	C	0.000661783	43	64976	3.33411e-05	2	59986
1	49298	49298	T	C	0.640021	41586	64976	0.636315	38170	59986
1	54353	54353	C	A	0.000908028	59	64976	0.000366752	22	59986
1	54564	54564	G	T	0.000277025	18	64976	6.66822e-05	4	59986
1	54591	54591	A	G	0.000215464	14	64976	0	0	59986
1	54676	54676	C	T	0.372276	24189	64976	0.38729	23232	59986
1	54712	54712	T	C	0.000123122	8	64976	1.66706e-05	1	59986
1	54763	54763	T	G	0.000107732	7	64976	0	0	59986
1	54815	54815	T	C	0.000153903	10	64976	1.66706e-05	1	59986
1	55326	55326	T	C	0.00909567	591	64976	0.00756843	454	59986
1	55330	55330	G	A	0.000153903	10	64976	6.66822e-05	4	59986
1	55351	55351	T	A	0.000200074	13	64976	0.000200047	12	59986
1	55385	55385	A	G	7.69515e-05	5	64976	0	0	59986
1	55405	55405	C	T	0.000477099	31	64976	0	0	59986
1	55416	55416	G	A	0.000369367	24	64976	6.66822e-05	4	59986
1	55427	55427	T	C	0.000277025	18	64976	0.000116694	7	59986
1	56586	56586	G	A	9.23418e-05	6	64976	0	0	59986
1	56644	56644	A	C	0.000107732	7	64976	0	0	59986
1	56981	56981	C	A	0.000292416	19	64976	0.000283399	17	59986
1	57033	57033	T	C	0.00200074	130	64976	0.00205048	123	59986
1	57095	57095	T	C	0.000200074	13	64976	5.00117e-05	3	59986
1	57183	57183	A	G	0.000123122	8	64976	0.000100023	6	59986
1	58460	58460	G	T	0.000215464	14	64976	0.000233388	14	59986
1	59276	59276	C	T	7.69515e-05	5	64976	8.33528e-05	5	59986
1	61804	61804	G	A	9.23418e-05	6	64976	0.000100023	6	59986
1	61993	61993	C	T	0.000200074	13	64976	3.33411e-05	2	59986
1	62055	62055	G	C	0.000123122	8	64976	8.33528e-05	5	59986
1	62124	62124	G	A	0.000107732	7	64976	1.66706e-05	1	59986
1	62157	62157	G	A	0.000138513	9	64976	0	0	59986
1	62162	62162	G	A	0.000153903	10	64976	5.00117e-05	3	59986
1	62509	62509	T	C	0.000107732	7	64976	1.66706e-05	1	59986
1	62617	62617	T	G	0.000307806	20	64976	6.66822e-05	4	59986
1	63680	63680	C	T	0.000107732	7	64976	0	0	59986
1	64670	64670	A	G	0.000307806	20	64976	5.00117e-05	3	59986
1	64904	64904	T	G	0.000323196	21	64976	0.000350082	21	59986
1	64908	64908	A	G	0.00053866	35	64976	0.000583469	35	59986
1	65009	65009	G	A	0.000123122	8	64976	0.000116694	7	59986
1	65974	65974	A	G	0.000261635	17	64976	1.66706e-05	1	59986
1	66861	66861	C	T	0.00104654	68	64976	0.000250058	15	59986
1	67179	67179	C	G	0.000138513	9	64976	3.33411e-05	2	59986
1	67223	67223	C	T	7.69515e-05	5	64976	1.66706e-05	1	59986
1	67224	67224	G	A	0.000692563	45	64976	0.000183376	11	59986
1	67631	67631	G	C	0.00053866	35	64976	8.33528e-05	5	59986
1	69496	69496	G	A	0.000138513	9	64976	6.66822e-05	4	59986
1	69534	69534	T	C	7.69515e-05	5	64976	0	0	59986
1	69594	69594	T	C	0.000123122	8	64976	0	0	59986
1	69610	69610	C	T	0.000138513	9	64976	0	0	59986
1	70317	70317	G	A	0.000323196	21	64976	0.000100023	6	59986
1	70594	70594	G	C	7.69515e-05	5	64976	1.66706e-05	1	59986
1	70728	70728	C	T	0.00155442	101	64976	0.00161704	97	59986
1	72526	72526	A	G	0.000677173	44	64976	1.66706e-05	1	59986
1	73093	73093	G	A	0.000230854	15	64976	1.66706e-05	1	59986
1	77646	77646	C	G	0.00101576	66	64976	0.000166706	10	59986
1	77706	77706	A	T	7.69515e-05	5	64976	1.66706e-05	1	59986
1	77763	77763	G	A	0.000138513	9	64976	5.00117e-05	3	59986
1	78942	78942	C	G	0.00053866	35	64976	0.000100023	6	59986
1	79033	79033	A	G	0.996614	64756	64976	0.998966	59924	59986
1	79137	79137	A	T	0.00220081	143	64976	0.000233388	14	59986
1	79188	79188	G	T	0.000200074	13	64976	0	0	59986
1	80421	80421	T	C	7.69515e-05	5	64976	8.33528e-05	5	59986
1	80454	80454	G	C	0.000123122	8	64976	5.00117e-05	3	59986
1	81654	81654	G	C	7.69515e-05	5	64976	5.00117e-05	3	59986
1	81941	81941	A	T	9.23418e-05	6	64976	0	0	59986
1	82343	82343	T	C	7.69515e-05	5	64976	1.66706e-05	1	59986
1	82365	82365	G	A	7.69515e-05	5	64976	0	0	59986
1	82957	82957	C	T	9.23418e-05	6	64976	0	0	59986
1	82961	82961	C	T	9.23418e-05	6	64976	0	0	59986
1	82994	82994	A	G	0.000123122	8	64976	8.33528e-05	5	59986
1	83108	83108	C	G	7.69515e-05	5	64976	8.33528e-05	5	59986
1	83170	83170	G	T	0.000153903	10	64976	5.00117e-05	3	59986
1	83771	83771	T	G	0.00052327	34	64976	0.000100023	6	59986
1	84139	84139	A	T	0.000877247	57	64976	0.000116694	7	59986
1	84156	84156	A	C	9.23418e-05	6	64976	3.33411e-05	2	59986
1	84618	84618	C	T	0.000169293	11	64976	3.33411e-05	2	59986
1	85108	85108	T	C	0.000200074	13	64976	0.000216717	13	59986
1	85431	85431	A	C	0.000138513	9	64976	0.000100023	6	59986
1	85622	85622	A	T	7.69515e-05	5	64976	1.66706e-05	1	59986
1	85892	85892	A	G	0.000584831	38	64976	0.000133364	8	59986
1	86028	86028	T	C	0.0916954	5958	64976	0.0966892	5800	59986
1	86192	86192	G	A	0.00106193	69	64976	0.000183376	11	59986
1	86947	86947	T	C	0.000169293	11	64976	0	0	59986
1	87259	87259	G	A	9.23418e-05	6	64976	5.00117e-05	3	59986
1	87377	87377	G	C	9.23418e-05	6	64976	1.66706e-05	1	59986
1	87486	87486	T	G	0.000261635	17	64976	5.00117e-05	3	59986
1	87734	87734	G	A	0.000261635	17	64976	0.000283399	17	59986
1	87755	87755	G	A	0.000277025	18	64976	0.000100023	6	59986
1	88300	88300	C	T	0.000169293	11	64976	0.000116694	7	59986
1	88362	88362	G	A	7.69515e-05	5	64976	0	0	59986
1	88388	88388	C	T	9.23418e-05	6	64976	3.33411e-05	2	59986
1	88429	88429	T	C	0.000153903	10	64976	1.66706e-05	1	59986
1	88688	88688	G	A	0.000153903	10	64976	3.33411e-05	2	59986
1	88762	88762	C	T	0.000107732	7	64976	3.33411e-05	2	59986
1	88794	88794	T	A	0.000769515	50	64976	0.000100023	6	59986
1	89677	89677	A	G	0.000169293	11	64976	0.000100023	6	59986
1	89744	89744	A	G	0.000123122	8	64976	1.66706e-05	1	59986
1	89903	89903	C	T	7.69515e-05	5	64976	8.33528e-05	5	59986
