#Chr	Start	End	Ref	Alt	ExAC_nonpsych_ALL	ExAC_nonpsych_AFR	ExAC_nonpsych_AMR	ExAC_nonpsych_EAS	ExAC_nonpsych_FIN	ExAC_nonpsych_NFE	ExAC_nonpsych_OTH	ExAC_nonpsych_SAS
1	13372	13372	G	C	0.0002	0	0	0	0	0	0	0.0004
1	13380	13380	C	G	0.0034	0.0381	0.0096	0	0	0	0	0
1	13382	13382	C	G	0.0002	0	0	0	.	0	0	0.0003
1	13402	13402	G	C	0	0	0	0	.	0	0	0
1	13404	13404	G	A	0	0	0	0	.	0	0	0
1	13404	13404	G	T	0.0007	0	0	0	.	0	0	0.0012
1	13417	13417	C	CGAGA	0.1797	0.0333	0.2	0.1429	.	0.2	0.0714	0.2052
1	13417	13417	-	GAGA	0.1797	0.0333	0.2	0.1429	.	0.2	0.0714	0.2052
1	13418	13418	G	A	0	0	0	0	.	0	0	0
1	13426	13426	A	G	0	0	0	0	.	0	0	0
1	13438	13438	C	A	0.0002	0	0	0	.	0	0	0.0004
1	13445	13445	C	G	0.0010	0	0	0	.	0.0035	0	0.0002
1	13448	13448	C	T	0.0001	0	0	0	.	0	0	0.0002
1	13452	13452	G	C	0.0005	0	0	0	.	0.0020	0	0
1	13453	13453	T	C	0	0	0	0	.	0	0	0
1	13482	13482	G	C	0.0002	0.0032	0	0	0	0	0	0
1	13483	13483	G	C	0.0002	0.0032	0	0	0	0	0	0
1	13485	13487	AGC	A	0	0	0	0	0	0	0	0
1	13486	13487	GC	-	0	0	0	0	0	0	0	0
1	13494	13494	A	G	0.0047	0.0015	0	0	0	0.0048	0	0.0052
1	13501	13501	G	A	0.0003	0	0	0	0	0.0003	0	0.0003
1	13504	13504	G	A	0.0019	0.0160	0.0526	0	0	0.0003	0	0.0004
1	13520	13520	G	C	0.0004	0	0.0299	0	.	0	0	0
1	13525	13525	G	T	0.0020	0	0	0	.	0.0004	0	0.0029
1	13528	13528	C	G	0.0013	0.0308	0.0086	0	.	0	0	0
1	13528	13528	C	T	0.0009	0	0	0	.	0.0008	0	0.0010
1	13529	13529	G	A	0.0002	0	0	0	.	0	0	0.0003
1	13537	13537	C	T	0.0022	0	0	0	.	0.0013	0	0.0031
1	13538	13538	G	A	0.0004	0	0	0	.	0	0.0263	0
1	13539	13539	G	C	0.0041	0	0	0	.	0	0	0.008
1	13550	13550	G	A	0.0156	0	0	0	0.5	0.0189	0	0.0242
1	17344	17344	G	A	0.0002	0	0	0	0	0	0.0185	0
1	17353	17353	G	C	0.0002	0.0010	0	0	0	0	0	0
1	17358	17361	ACTT	A	0.0182	0.0156	0.0103	0	0	0.0170	0	0.0644
1	17359	17361	CTT	-	0.0182	0.0156	0.0103	0	0	0.0170	0	0.0644
1	17365	17365	C	G	0.2579	0.1603	0.2210	0.3841	0.3529	0.2713	0.2778	0.2883
1	17373	17373	A	G	0.0444	0.0490	0.0280	0.0193	0.125	0.0491	0.0741	0.0198
1	17375	17375	A	G	0.0788	0.0830	0.1056	0.0580	0.125	0.0790	0.0962	0.0622
1	17378	17378	C	T	0.0030	0.0163	0	0	0	0	0	0
1	17379	17379	G	A	0.0132	0	0.0106	0	0	0.0199	0	0.0099
1	17385	17385	G	A	0.2436	0.2331	0.2857	0.0423	0.25	0.2742	0.26	0.2092
1	17398	17398	C	A	0.02	0.0714	0.0180	0.0271	0	0.0058	0	0.0025
1	17403	17403	A	G	0.0059	0.016	0.0035	0	0	0.0045	0	0
1	17406	17406	C	T	0.0264	0.0200	0.0870	0.0049	0	0.0273	0	0.0222
1	17407	17407	G	A	0.0777	0.0303	0.0540	0.0672	0.0882	0.0894	0.0769	0.1352
1	17408	17408	C	G	0.0357	0.0339	0.0490	0	0.0667	0.0439	0	0.0074
1	17452	17452	C	T	0.0745	0.1023	0.1467	0.0561	0.0870	0.0948	0.1091	0.0412
1	17453	17453	G	A	0.0016	0	0	0.0068	0	0.0002	0.0152	0.0029
1	17459	17459	T	C	7.115e-05	0	0	0	0	0.0002	0	0
1	17462	17462	G	A	6.822e-05	0	0.0024	0	0	0	0	0
1	17465	17465	G	T	6.669e-05	0	0	0	0	0	0	0.0002
1	17468	17468	C	A	6.451e-05	0	0	0.0021	0	0	0	0
1	17472	17472	G	A	0.0003	0.0008	0	0	0	0.0006	0	0
1	17473	17473	C	T	6.182e-05	0	0	0	0	0	0	0.0001
1	17477	17477	C	T	0.0001	0	0	0	0	0.0001	0	0.0001
1	17478	17478	C	G	5.879e-05	0	0	0	0	0	0	0.0001
1	17478	17478	C	T	0.0014	0.0050	0.0023	0.0020	0	0.0022	0	0
1	17479	17479	G	A	0.0028	0.0223	0.0045	0.0020	0	0.0013	0	0.0007
1	17483	17483	C	T	0.0009	0.0040	0.0022	0	0	0.0012	0	0
1	17484	17484	G	A	0.0024	0.0097	0.0022	0	0	0.0019	0	0.0018
1	30548	30548	T	G	0	.	.	.	.	.	.	.
1	30551	30551	C	T	0	.	.	.	.	.	.	.
1	69081	69081	G	C	0	0	.	.	.	0	.	.
1	69116	69116	G	A	0	0	0	.	.	0	.	.
1	69134	69134	A	G	0	0	0	.	.	0	.	.
1	69218	69218	T	C	0	0	0	0	.	0	0	0
1	69241	69241	C	T	0	0	0	0	.	0	0	0
1	69270	69270	A	G	0.6413	0.2923	0.6316	0.9828	0.8	0.8450	0.6667	0.8664
1	69300	69300	A	C	0	0	0	0	0	0	0	0
1	69335	69335	G	A	0.0002	0.0005	0	0	0	0	0	0
1	69337	69337	A	C	0.0002	0.0004	0	0	0	0	0	0
1	69351	69351	C	G	0	0	0	0	0	0	0	0
1	69360	69360	C	T	8.684e-05	0	0	0	0	0.0003	0	0
1	69395	69395	G	A	3.488e-05	0	0	0	0.0010	0	0	0
1	69409	69409	A	G	0.0002	0	0	0	0	0	0	0.0007
1	69428	69428	T	G	0.0182	0.0026	0.0081	0	0.0387	0.0343	0.0199	0.0049
1	69438	69438	T	C	6.577e-05	0	0	0	0	0.0002	0	0
1	69453	69453	G	A	0.0001	0.0004	0.0006	0	0	0	0	0
1	69474	69474	T	G	1.642e-05	0.0001	0	0	0	0	0	0
1	69478	69478	T	C	1.643e-05	0	0	0.0002	0	0	0	0
1	69486	69486	C	T	1.646e-05	0	0	0	0	3.892e-05	0	0
1	69487	69487	G	A	3.304e-05	0.0003	0	0	0	0	0	0
1	69489	69489	A	C	0.0002	0	0	0	0	0	0.0020	0.0007
1	69496	69496	G	A	0.0010	0.0059	0.0017	0	0	7.958e-05	0	0
1	69502	69502	A	G	1.713e-05	0	0	0	0	0	0	8.055e-05
1	69508	69508	G	T	3.42e-05	0	0	0	0	8.277e-05	0	0
1	69509	69509	T	G	6.924e-05	0	0	0	0.0005	0.0001	0	0
1	69511	69511	A	G	0.9258	0.5935	0.9507	0.9994	0.9939	0.9688	0.9502	0.9832
1	69516	69516	G	A	1.689e-05	0	0	0	0	4.047e-05	0	0
1	69521	69521	T	A	3.365e-05	0	0.0003	0	0	0	0	0
1	69521	69521	T	C	3.365e-05	0.0001	0	0.0002	0	0	0	0
1	69524	69524	G	T	1.68e-05	0	0	0	0	0	0	8.045e-05
1	69534	69534	T	C	0.0003	0	0	0.0033	0	0	0	0
1	69540	69540	G	A	8.374e-05	0	0.0008	0	0	0	0	0
1	69541	69541	A	G	1.675e-05	0	0	0.0002	0	0	0	0
1	69552	69552	G	A	5.02e-05	0	0	0	0	0	0	0.0002
1	69552	69552	G	C	0	0	0	0	0	0	0	0
1	69552	69552	G	T	5.02e-05	0	0.0005	0	0	0	0	0
1	69555	69555	T	G	1.663e-05	0.0001	0	0	0	0	0	0
